plane4Q  
18   1    1    1
1 1 1 1 0 0 0
2 0 0 1 0.2 0 0
3 0 0 1 0.4 0 0
4 0 0 1 0.6 0 0
5 0 0 1 0.8 0 0
6 0 0 1 1 0 0
7 1 1 1 0 0.1 0
8 0 0 1 0.2 0.1 0
9 0 0 1 0.4 0.1 0
10 0 0 1 0.6 0.1 0
11 0 0 1 0.8 0.1 0
12 0 0 1 1 0.1 0
13 1 1 1 0 0.2 0
14 0 0 1 0.2 0.2 0
15 0 0 1 0.4 0.2 0
16 0 0 1 0.6 0.2 0
17 0 0 1 0.8 0.2 0
18 0 0 1 1 0.2 0
1    1
12    2    -50000
2    10    1
1   3E11    0.3
1 1 2 8 7 1
2 2 3 9 8 1
3 3 4 10 9 1
4 4 5 11 10 1
5 5 6 12 11 1
6 7 8 14 13 1
7 8 9 15 14 1
8 9 10 16 15 1
9 10 11 17 16 1
10 11 12 18 17 1
stop
