shell element
     943       1       1       4
       1	       0	0	0	       0	0	0	15	25	200
       2	       0	0	0	       0	0	0	-15	25	200
       3	       1	1	1	       1	1	1	-15	25	0
       4	       1	1	1	       1	1	1	15	25	0
       5	       0	0	0	       0	0	0	-15	-25	200
       6	       1	1	1	       1	1	1	-15	-25	0
       7	       0	0	0	       0	0	0	15	-25	200
       8	       1	1	1	       1	1	1	15	-25	0
       9	       0	0	0	       0	0	0	10	25	200
      10	       0	0	0	       0	0	0	5	25	200
      11	       0	0	0	       0	0	0	0	25	200
      12	       0	0	0	       0	0	0	-5	25	200
      13	       0	0	0	       0	0	0	-10	25	200
      14	       0	0	0	       0	0	0	-15	25	195
      15	       0	0	0	       0	0	0	-15	25	190
      16	       0	0	0	       0	0	0	-15	25	185
      17	       0	0	0	       0	0	0	-15	25	180
      18	       0	0	0	       0	0	0	-15	25	175
      19	       0	0	0	       0	0	0	-15	25	170
      20	       0	0	0	       0	0	0	-15	25	165
      21	       0	0	0	       0	0	0	-15	25	160
      22	       0	0	0	       0	0	0	-15	25	155
      23	       0	0	0	       0	0	0	-15	25	150
      24	       0	0	0	       0	0	0	-15	25	145
      25	       0	0	0	       0	0	0	-15	25	140
      26	       0	0	0	       0	0	0	-15	25	135
      27	       0	0	0	       0	0	0	-15	25	130
      28	       0	0	0	       0	0	0	-15	25	125
      29	       0	0	0	       0	0	0	-15	25	120
      30	       0	0	0	       0	0	0	-15	25	115
      31	       0	0	0	       0	0	0	-15	25	110
      32	       0	0	0	       0	0	0	-15	25	105
      33	       0	0	0	       0	0	0	-15	25	100
      34	       0	0	0	       0	0	0	-15	25	95
      35	       0	0	0	       0	0	0	-15	25	90
      36	       0	0	0	       0	0	0	-15	25	85
      37	       0	0	0	       0	0	0	-15	25	80
      38	       0	0	0	       0	0	0	-15	25	75
      39	       0	0	0	       0	0	0	-15	25	70
      40	       0	0	0	       0	0	0	-15	25	65
      41	       0	0	0	       0	0	0	-15	25	60
      42	       0	0	0	       0	0	0	-15	25	55
      43	       0	0	0	       0	0	0	-15	25	50
      44	       0	0	0	       0	0	0	-15	25	45
      45	       0	0	0	       0	0	0	-15	25	40
      46	       0	0	0	       0	0	0	-15	25	35
      47	       0	0	0	       0	0	0	-15	25	30
      48	       0	0	0	       0	0	0	-15	25	25
      49	       0	0	0	       0	0	0	-15	25	20
      50	       0	0	0	       0	0	0	-15	25	15
      51	       0	0	0	       0	0	0	-15	25	10
      52	       0	0	0	       0	0	0	-15	25	5
      53	       1	1	1	       1	1	1	-10	25	0
      54	       1	1	1	       1	1	1	-5	25	0
      55	       1	1	1	       1	1	1	0	25	0
      56	       1	1	1	       1	1	1	5	25	0
      57	       1	1	1	       1	1	1	10	25	0
      58	       0	0	0	       0	0	0	15	25	5
      59	       0	0	0	       0	0	0	15	25	10
      60	       0	0	0	       0	0	0	15	25	15
      61	       0	0	0	       0	0	0	15	25	20
      62	       0	0	0	       0	0	0	15	25	25
      63	       0	0	0	       0	0	0	15	25	30
      64	       0	0	0	       0	0	0	15	25	35
      65	       0	0	0	       0	0	0	15	25	40
      66	       0	0	0	       0	0	0	15	25	45
      67	       0	0	0	       0	0	0	15	25	50
      68	       0	0	0	       0	0	0	15	25	55
      69	       0	0	0	       0	0	0	15	25	60
      70	       0	0	0	       0	0	0	15	25	65
      71	       0	0	0	       0	0	0	15	25	70
      72	       0	0	0	       0	0	0	15	25	75
      73	       0	0	0	       0	0	0	15	25	80
      74	       0	0	0	       0	0	0	15	25	85
      75	       0	0	0	       0	0	0	15	25	90
      76	       0	0	0	       0	0	0	15	25	95
      77	       0	0	0	       0	0	0	15	25	100
      78	       0	0	0	       0	0	0	15	25	105
      79	       0	0	0	       0	0	0	15	25	110
      80	       0	0	0	       0	0	0	15	25	115
      81	       0	0	0	       0	0	0	15	25	120
      82	       0	0	0	       0	0	0	15	25	125
      83	       0	0	0	       0	0	0	15	25	130
      84	       0	0	0	       0	0	0	15	25	135
      85	       0	0	0	       0	0	0	15	25	140
      86	       0	0	0	       0	0	0	15	25	145
      87	       0	0	0	       0	0	0	15	25	150
      88	       0	0	0	       0	0	0	15	25	155
      89	       0	0	0	       0	0	0	15	25	160
      90	       0	0	0	       0	0	0	15	25	165
      91	       0	0	0	       0	0	0	15	25	170
      92	       0	0	0	       0	0	0	15	25	175
      93	       0	0	0	       0	0	0	15	25	180
      94	       0	0	0	       0	0	0	15	25	185
      95	       0	0	0	       0	0	0	15	25	190
      96	       0	0	0	       0	0	0	15	25	195
      97	       0	0	0	       0	0	0	-15	20	200
      98	       0	0	0	       0	0	0	-15	15	200
      99	       0	0	0	       0	0	0	-15	10	200
     100	       0	0	0	       0	0	0	-15	5	200
     101	       0	0	0	       0	0	0	-15	0	200
     102	       0	0	0	       0	0	0	-15	-5	200
     103	       0	0	0	       0	0	0	-15	-10	200
     104	       0	0	0	       0	0	0	-15	-15	200
     105	       0	0	0	       0	0	0	-15	-20	200
     106	       0	0	0	       0	0	0	-15	-25	195
     107	       0	0	0	       0	0	0	-15	-25	190
     108	       0	0	0	       0	0	0	-15	-25	185
     109	       0	0	0	       0	0	0	-15	-25	180
     110	       0	0	0	       0	0	0	-15	-25	175
     111	       0	0	0	       0	0	0	-15	-25	170
     112	       0	0	0	       0	0	0	-15	-25	165
     113	       0	0	0	       0	0	0	-15	-25	160
     114	       0	0	0	       0	0	0	-15	-25	155
     115	       0	0	0	       0	0	0	-15	-25	150
     116	       0	0	0	       0	0	0	-15	-25	145
     117	       0	0	0	       0	0	0	-15	-25	140
     118	       0	0	0	       0	0	0	-15	-25	135
     119	       0	0	0	       0	0	0	-15	-25	130
     120	       0	0	0	       0	0	0	-15	-25	125
     121	       0	0	0	       0	0	0	-15	-25	120
     122	       0	0	0	       0	0	0	-15	-25	115
     123	       0	0	0	       0	0	0	-15	-25	110
     124	       0	0	0	       0	0	0	-15	-25	105
     125	       0	0	0	       0	0	0	-15	-25	100
     126	       0	0	0	       0	0	0	-15	-25	95
     127	       0	0	0	       0	0	0	-15	-25	90
     128	       0	0	0	       0	0	0	-15	-25	85
     129	       0	0	0	       0	0	0	-15	-25	80
     130	       0	0	0	       0	0	0	-15	-25	75
     131	       0	0	0	       0	0	0	-15	-25	70
     132	       0	0	0	       0	0	0	-15	-25	65
     133	       0	0	0	       0	0	0	-15	-25	60
     134	       0	0	0	       0	0	0	-15	-25	55
     135	       0	0	0	       0	0	0	-15	-25	50
     136	       0	0	0	       0	0	0	-15	-25	45
     137	       0	0	0	       0	0	0	-15	-25	40
     138	       0	0	0	       0	0	0	-15	-25	35
     139	       0	0	0	       0	0	0	-15	-25	30
     140	       0	0	0	       0	0	0	-15	-25	25
     141	       0	0	0	       0	0	0	-15	-25	20
     142	       0	0	0	       0	0	0	-15	-25	15
     143	       0	0	0	       0	0	0	-15	-25	10
     144	       0	0	0	       0	0	0	-15	-25	5
     145	       1	1	1	       1	1	1	-15	-20	0
     146	       1	1	1	       1	1	1	-15	-15	0
     147	       1	1	1	       1	1	1	-15	-10	0
     148	       1	1	1	       1	1	1	-15	-5	0
     149	       1	1	1	       1	1	1	-15	0	0
     150	       1	1	1	       1	1	1	-15	5	0
     151	       1	1	1	       1	1	1	-15	10	0
     152	       1	1	1	       1	1	1	-15	15	0
     153	       1	1	1	       1	1	1	-15	20	0
     154	       0	0	0	       0	0	0	-10	-25	200
     155	       0	0	0	       0	0	0	-5	-25	200
     156	       0	0	0	       0	0	0	0	-25	200
     157	       0	0	0	       0	0	0	5	-25	200
     158	       0	0	0	       0	0	0	10	-25	200
     159	       0	0	0	       0	0	0	15	-25	195
     160	       0	0	0	       0	0	0	15	-25	190
     161	       0	0	0	       0	0	0	15	-25	185
     162	       0	0	0	       0	0	0	15	-25	180
     163	       0	0	0	       0	0	0	15	-25	175
     164	       0	0	0	       0	0	0	15	-25	170
     165	       0	0	0	       0	0	0	15	-25	165
     166	       0	0	0	       0	0	0	15	-25	160
     167	       0	0	0	       0	0	0	15	-25	155
     168	       0	0	0	       0	0	0	15	-25	150
     169	       0	0	0	       0	0	0	15	-25	145
     170	       0	0	0	       0	0	0	15	-25	140
     171	       0	0	0	       0	0	0	15	-25	135
     172	       0	0	0	       0	0	0	15	-25	130
     173	       0	0	0	       0	0	0	15	-25	125
     174	       0	0	0	       0	0	0	15	-25	120
     175	       0	0	0	       0	0	0	15	-25	115
     176	       0	0	0	       0	0	0	15	-25	110
     177	       0	0	0	       0	0	0	15	-25	105
     178	       0	0	0	       0	0	0	15	-25	100
     179	       0	0	0	       0	0	0	15	-25	95
     180	       0	0	0	       0	0	0	15	-25	90
     181	       0	0	0	       0	0	0	15	-25	85
     182	       0	0	0	       0	0	0	15	-25	80
     183	       0	0	0	       0	0	0	15	-25	75
     184	       0	0	0	       0	0	0	15	-25	70
     185	       0	0	0	       0	0	0	15	-25	65
     186	       0	0	0	       0	0	0	15	-25	60
     187	       0	0	0	       0	0	0	15	-25	55
     188	       0	0	0	       0	0	0	15	-25	50
     189	       0	0	0	       0	0	0	15	-25	45
     190	       0	0	0	       0	0	0	15	-25	40
     191	       0	0	0	       0	0	0	15	-25	35
     192	       0	0	0	       0	0	0	15	-25	30
     193	       0	0	0	       0	0	0	15	-25	25
     194	       0	0	0	       0	0	0	15	-25	20
     195	       0	0	0	       0	0	0	15	-25	15
     196	       0	0	0	       0	0	0	15	-25	10
     197	       0	0	0	       0	0	0	15	-25	5
     198	       1	1	1	       1	1	1	10	-25	0
     199	       1	1	1	       1	1	1	5	-25	0
     200	       1	1	1	       1	1	1	0	-25	0
     201	       1	1	1	       1	1	1	-5	-25	0
     202	       1	1	1	       1	1	1	-10	-25	0
     203	       0	0	0	       0	0	0	10	25	195
     204	       0	0	0	       0	0	0	5	25	195
     205	       0	0	0	       0	0	0	0	25	195
     206	       0	0	0	       0	0	0	-5	25	195
     207	       0	0	0	       0	0	0	-10	25	195
     208	       0	0	0	       0	0	0	10	25	190
     209	       0	0	0	       0	0	0	5	25	190
     210	       0	0	0	       0	0	0	0	25	190
     211	       0	0	0	       0	0	0	-5	25	190
     212	       0	0	0	       0	0	0	-10	25	190
     213	       0	0	0	       0	0	0	10	25	185
     214	       0	0	0	       0	0	0	5	25	185
     215	       0	0	0	       0	0	0	0	25	185
     216	       0	0	0	       0	0	0	-5	25	185
     217	       0	0	0	       0	0	0	-10	25	185
     218	       0	0	0	       0	0	0	10	25	180
     219	       0	0	0	       0	0	0	5	25	180
     220	       0	0	0	       0	0	0	0	25	180
     221	       0	0	0	       0	0	0	-5	25	180
     222	       0	0	0	       0	0	0	-10	25	180
     223	       0	0	0	       0	0	0	10	25	175
     224	       0	0	0	       0	0	0	5	25	175
     225	       0	0	0	       0	0	0	0	25	175
     226	       0	0	0	       0	0	0	-5	25	175
     227	       0	0	0	       0	0	0	-10	25	175
     228	       0	0	0	       0	0	0	10	25	170
     229	       0	0	0	       0	0	0	5	25	170
     230	       0	0	0	       0	0	0	0	25	170
     231	       0	0	0	       0	0	0	-5	25	170
     232	       0	0	0	       0	0	0	-10	25	170
     233	       0	0	0	       0	0	0	10	25	165
     234	       0	0	0	       0	0	0	5	25	165
     235	       0	0	0	       0	0	0	0	25	165
     236	       0	0	0	       0	0	0	-5	25	165
     237	       0	0	0	       0	0	0	-10	25	165
     238	       0	0	0	       0	0	0	10	25	160
     239	       0	0	0	       0	0	0	5	25	160
     240	       0	0	0	       0	0	0	0	25	160
     241	       0	0	0	       0	0	0	-5	25	160
     242	       0	0	0	       0	0	0	-10	25	160
     243	       0	0	0	       0	0	0	10	25	155
     244	       0	0	0	       0	0	0	5	25	155
     245	       0	0	0	       0	0	0	0	25	155
     246	       0	0	0	       0	0	0	-5	25	155
     247	       0	0	0	       0	0	0	-10	25	155
     248	       0	0	0	       0	0	0	10	25	150
     249	       0	0	0	       0	0	0	5	25	150
     250	       0	0	0	       0	0	0	0	25	150
     251	       0	0	0	       0	0	0	-5	25	150
     252	       0	0	0	       0	0	0	-10	25	150
     253	       0	0	0	       0	0	0	10	25	145
     254	       0	0	0	       0	0	0	5	25	145
     255	       0	0	0	       0	0	0	0	25	145
     256	       0	0	0	       0	0	0	-5	25	145
     257	       0	0	0	       0	0	0	-10	25	145
     258	       0	0	0	       0	0	0	10	25	140
     259	       0	0	0	       0	0	0	5	25	140
     260	       0	0	0	       0	0	0	0	25	140
     261	       0	0	0	       0	0	0	-5	25	140
     262	       0	0	0	       0	0	0	-10	25	140
     263	       0	0	0	       0	0	0	10	25	135
     264	       0	0	0	       0	0	0	5	25	135
     265	       0	0	0	       0	0	0	0	25	135
     266	       0	0	0	       0	0	0	-5	25	135
     267	       0	0	0	       0	0	0	-10	25	135
     268	       0	0	0	       0	0	0	10	25	130
     269	       0	0	0	       0	0	0	5	25	130
     270	       0	0	0	       0	0	0	0	25	130
     271	       0	0	0	       0	0	0	-5	25	130
     272	       0	0	0	       0	0	0	-10	25	130
     273	       0	0	0	       0	0	0	10	25	125
     274	       0	0	0	       0	0	0	5	25	125
     275	       0	0	0	       0	0	0	0	25	125
     276	       0	0	0	       0	0	0	-5	25	125
     277	       0	0	0	       0	0	0	-10	25	125
     278	       0	0	0	       0	0	0	10	25	120
     279	       0	0	0	       0	0	0	5	25	120
     280	       0	0	0	       0	0	0	0	25	120
     281	       0	0	0	       0	0	0	-5	25	120
     282	       0	0	0	       0	0	0	-10	25	120
     283	       0	0	0	       0	0	0	10	25	115
     284	       0	0	0	       0	0	0	5	25	115
     285	       0	0	0	       0	0	0	0	25	115
     286	       0	0	0	       0	0	0	-5	25	115
     287	       0	0	0	       0	0	0	-10	25	115
     288	       0	0	0	       0	0	0	10	25	110
     289	       0	0	0	       0	0	0	5	25	110
     290	       0	0	0	       0	0	0	0	25	110
     291	       0	0	0	       0	0	0	-5	25	110
     292	       0	0	0	       0	0	0	-10	25	110
     293	       0	0	0	       0	0	0	10	25	105
     294	       0	0	0	       0	0	0	5	25	105
     295	       0	0	0	       0	0	0	0	25	105
     296	       0	0	0	       0	0	0	-5	25	105
     297	       0	0	0	       0	0	0	-10	25	105
     298	       0	0	0	       0	0	0	10	25	100
     299	       0	0	0	       0	0	0	5	25	100
     300	       0	0	0	       0	0	0	0	25	100
     301	       0	0	0	       0	0	0	-5	25	100
     302	       0	0	0	       0	0	0	-10	25	100
     303	       0	0	0	       0	0	0	10	25	95
     304	       0	0	0	       0	0	0	5	25	95
     305	       0	0	0	       0	0	0	0	25	95
     306	       0	0	0	       0	0	0	-5	25	95
     307	       0	0	0	       0	0	0	-10	25	95
     308	       0	0	0	       0	0	0	10	25	90
     309	       0	0	0	       0	0	0	5	25	90
     310	       0	0	0	       0	0	0	0	25	90
     311	       0	0	0	       0	0	0	-5	25	90
     312	       0	0	0	       0	0	0	-10	25	90
     313	       0	0	0	       0	0	0	10	25	85
     314	       0	0	0	       0	0	0	5	25	85
     315	       0	0	0	       0	0	0	0	25	85
     316	       0	0	0	       0	0	0	-5	25	85
     317	       0	0	0	       0	0	0	-10	25	85
     318	       0	0	0	       0	0	0	10	25	80
     319	       0	0	0	       0	0	0	5	25	80
     320	       0	0	0	       0	0	0	0	25	80
     321	       0	0	0	       0	0	0	-5	25	80
     322	       0	0	0	       0	0	0	-10	25	80
     323	       0	0	0	       0	0	0	10	25	75
     324	       0	0	0	       0	0	0	5	25	75
     325	       0	0	0	       0	0	0	0	25	75
     326	       0	0	0	       0	0	0	-5	25	75
     327	       0	0	0	       0	0	0	-10	25	75
     328	       0	0	0	       0	0	0	10	25	70
     329	       0	0	0	       0	0	0	5	25	70
     330	       0	0	0	       0	0	0	0	25	70
     331	       0	0	0	       0	0	0	-5	25	70
     332	       0	0	0	       0	0	0	-10	25	70
     333	       0	0	0	       0	0	0	10	25	65
     334	       0	0	0	       0	0	0	5	25	65
     335	       0	0	0	       0	0	0	0	25	65
     336	       0	0	0	       0	0	0	-5	25	65
     337	       0	0	0	       0	0	0	-10	25	65
     338	       0	0	0	       0	0	0	10	25	60
     339	       0	0	0	       0	0	0	5	25	60
     340	       0	0	0	       0	0	0	0	25	60
     341	       0	0	0	       0	0	0	-5	25	60
     342	       0	0	0	       0	0	0	-10	25	60
     343	       0	0	0	       0	0	0	10	25	55
     344	       0	0	0	       0	0	0	5	25	55
     345	       0	0	0	       0	0	0	0	25	55
     346	       0	0	0	       0	0	0	-5	25	55
     347	       0	0	0	       0	0	0	-10	25	55
     348	       0	0	0	       0	0	0	10	25	50
     349	       0	0	0	       0	0	0	5	25	50
     350	       0	0	0	       0	0	0	0	25	50
     351	       0	0	0	       0	0	0	-5	25	50
     352	       0	0	0	       0	0	0	-10	25	50
     353	       0	0	0	       0	0	0	10	25	45
     354	       0	0	0	       0	0	0	5	25	45
     355	       0	0	0	       0	0	0	0	25	45
     356	       0	0	0	       0	0	0	-5	25	45
     357	       0	0	0	       0	0	0	-10	25	45
     358	       0	0	0	       0	0	0	10	25	40
     359	       0	0	0	       0	0	0	5	25	40
     360	       0	0	0	       0	0	0	0	25	40
     361	       0	0	0	       0	0	0	-5	25	40
     362	       0	0	0	       0	0	0	-10	25	40
     363	       0	0	0	       0	0	0	10	25	35
     364	       0	0	0	       0	0	0	5	25	35
     365	       0	0	0	       0	0	0	0	25	35
     366	       0	0	0	       0	0	0	-5	25	35
     367	       0	0	0	       0	0	0	-10	25	35
     368	       0	0	0	       0	0	0	10	25	30
     369	       0	0	0	       0	0	0	5	25	30
     370	       0	0	0	       0	0	0	0	25	30
     371	       0	0	0	       0	0	0	-5	25	30
     372	       0	0	0	       0	0	0	-10	25	30
     373	       0	0	0	       0	0	0	10	25	25
     374	       0	0	0	       0	0	0	5	25	25
     375	       0	0	0	       0	0	0	0	25	25
     376	       0	0	0	       0	0	0	-5	25	25
     377	       0	0	0	       0	0	0	-10	25	25
     378	       0	0	0	       0	0	0	10	25	20
     379	       0	0	0	       0	0	0	5	25	20
     380	       0	0	0	       0	0	0	0	25	20
     381	       0	0	0	       0	0	0	-5	25	20
     382	       0	0	0	       0	0	0	-10	25	20
     383	       0	0	0	       0	0	0	10	25	15
     384	       0	0	0	       0	0	0	5	25	15
     385	       0	0	0	       0	0	0	0	25	15
     386	       0	0	0	       0	0	0	-5	25	15
     387	       0	0	0	       0	0	0	-10	25	15
     388	       0	0	0	       0	0	0	10	25	10
     389	       0	0	0	       0	0	0	5	25	10
     390	       0	0	0	       0	0	0	0	25	10
     391	       0	0	0	       0	0	0	-5	25	10
     392	       0	0	0	       0	0	0	-10	25	10
     393	       0	0	0	       0	0	0	10	25	5
     394	       0	0	0	       0	0	0	5	25	5
     395	       0	0	0	       0	0	0	0	25	5
     396	       0	0	0	       0	0	0	-5	25	5
     397	       0	0	0	       0	0	0	-10	25	5
     398	       0	0	0	       0	0	0	-15	20	195
     399	       0	0	0	       0	0	0	-15	15	195
     400	       0	0	0	       0	0	0	-15	10	195
     401	       0	0	0	       0	0	0	-15	5	195
     402	       0	0	0	       0	0	0	-15	0	195
     403	       0	0	0	       0	0	0	-15	-5	195
     404	       0	0	0	       0	0	0	-15	-10	195
     405	       0	0	0	       0	0	0	-15	-15	195
     406	       0	0	0	       0	0	0	-15	-20	195
     407	       0	0	0	       0	0	0	-15	20	190
     408	       0	0	0	       0	0	0	-15	15	190
     409	       0	0	0	       0	0	0	-15	10	190
     410	       0	0	0	       0	0	0	-15	5	190
     411	       0	0	0	       0	0	0	-15	0	190
     412	       0	0	0	       0	0	0	-15	-5	190
     413	       0	0	0	       0	0	0	-15	-10	190
     414	       0	0	0	       0	0	0	-15	-15	190
     415	       0	0	0	       0	0	0	-15	-20	190
     416	       0	0	0	       0	0	0	-15	20	185
     417	       0	0	0	       0	0	0	-15	15	185
     418	       0	0	0	       0	0	0	-15	10	185
     419	       0	0	0	       0	0	0	-15	5	185
     420	       0	0	0	       0	0	0	-15	0	185
     421	       0	0	0	       0	0	0	-15	-5	185
     422	       0	0	0	       0	0	0	-15	-10	185
     423	       0	0	0	       0	0	0	-15	-15	185
     424	       0	0	0	       0	0	0	-15	-20	185
     425	       0	0	0	       0	0	0	-15	20	180
     426	       0	0	0	       0	0	0	-15	15	180
     427	       0	0	0	       0	0	0	-15	10	180
     428	       0	0	0	       0	0	0	-15	5	180
     429	       0	0	0	       0	0	0	-15	0	180
     430	       0	0	0	       0	0	0	-15	-5	180
     431	       0	0	0	       0	0	0	-15	-10	180
     432	       0	0	0	       0	0	0	-15	-15	180
     433	       0	0	0	       0	0	0	-15	-20	180
     434	       0	0	0	       0	0	0	-15	20	175
     435	       0	0	0	       0	0	0	-15	15	175
     436	       0	0	0	       0	0	0	-15	10	175
     437	       0	0	0	       0	0	0	-15	5	175
     438	       0	0	0	       0	0	0	-15	0	175
     439	       0	0	0	       0	0	0	-15	-5	175
     440	       0	0	0	       0	0	0	-15	-10	175
     441	       0	0	0	       0	0	0	-15	-15	175
     442	       0	0	0	       0	0	0	-15	-20	175
     443	       0	0	0	       0	0	0	-15	20	170
     444	       0	0	0	       0	0	0	-15	15	170
     445	       0	0	0	       0	0	0	-15	10	170
     446	       0	0	0	       0	0	0	-15	5	170
     447	       0	0	0	       0	0	0	-15	0	170
     448	       0	0	0	       0	0	0	-15	-5	170
     449	       0	0	0	       0	0	0	-15	-10	170
     450	       0	0	0	       0	0	0	-15	-15	170
     451	       0	0	0	       0	0	0	-15	-20	170
     452	       0	0	0	       0	0	0	-15	20	165
     453	       0	0	0	       0	0	0	-15	15	165
     454	       0	0	0	       0	0	0	-15	10	165
     455	       0	0	0	       0	0	0	-15	5	165
     456	       0	0	0	       0	0	0	-15	0	165
     457	       0	0	0	       0	0	0	-15	-5	165
     458	       0	0	0	       0	0	0	-15	-10	165
     459	       0	0	0	       0	0	0	-15	-15	165
     460	       0	0	0	       0	0	0	-15	-20	165
     461	       0	0	0	       0	0	0	-15	20	160
     462	       0	0	0	       0	0	0	-15	15	160
     463	       0	0	0	       0	0	0	-15	10	160
     464	       0	0	0	       0	0	0	-15	5	160
     465	       0	0	0	       0	0	0	-15	0	160
     466	       0	0	0	       0	0	0	-15	-5	160
     467	       0	0	0	       0	0	0	-15	-10	160
     468	       0	0	0	       0	0	0	-15	-15	160
     469	       0	0	0	       0	0	0	-15	-20	160
     470	       0	0	0	       0	0	0	-15	20	155
     471	       0	0	0	       0	0	0	-15	15	155
     472	       0	0	0	       0	0	0	-15	10	155
     473	       0	0	0	       0	0	0	-15	5	155
     474	       0	0	0	       0	0	0	-15	0	155
     475	       0	0	0	       0	0	0	-15	-5	155
     476	       0	0	0	       0	0	0	-15	-10	155
     477	       0	0	0	       0	0	0	-15	-15	155
     478	       0	0	0	       0	0	0	-15	-20	155
     479	       0	0	0	       0	0	0	-15	20	150
     480	       0	0	0	       0	0	0	-15	15	150
     481	       0	0	0	       0	0	0	-15	10	150
     482	       0	0	0	       0	0	0	-15	5	150
     483	       0	0	0	       0	0	0	-15	0	150
     484	       0	0	0	       0	0	0	-15	-5	150
     485	       0	0	0	       0	0	0	-15	-10	150
     486	       0	0	0	       0	0	0	-15	-15	150
     487	       0	0	0	       0	0	0	-15	-20	150
     488	       0	0	0	       0	0	0	-15	20	145
     489	       0	0	0	       0	0	0	-15	15	145
     490	       0	0	0	       0	0	0	-15	10	145
     491	       0	0	0	       0	0	0	-15	5	145
     492	       0	0	0	       0	0	0	-15	0	145
     493	       0	0	0	       0	0	0	-15	-5	145
     494	       0	0	0	       0	0	0	-15	-10	145
     495	       0	0	0	       0	0	0	-15	-15	145
     496	       0	0	0	       0	0	0	-15	-20	145
     497	       0	0	0	       0	0	0	-15	20	140
     498	       0	0	0	       0	0	0	-15	15	140
     499	       0	0	0	       0	0	0	-15	10	140
     500	       0	0	0	       0	0	0	-15	5	140
     501	       0	0	0	       0	0	0	-15	0	140
     502	       0	0	0	       0	0	0	-15	-5	140
     503	       0	0	0	       0	0	0	-15	-10	140
     504	       0	0	0	       0	0	0	-15	-15	140
     505	       0	0	0	       0	0	0	-15	-20	140
     506	       0	0	0	       0	0	0	-15	20	135
     507	       0	0	0	       0	0	0	-15	15	135
     508	       0	0	0	       0	0	0	-15	10	135
     509	       0	0	0	       0	0	0	-15	5	135
     510	       0	0	0	       0	0	0	-15	0	135
     511	       0	0	0	       0	0	0	-15	-5	135
     512	       0	0	0	       0	0	0	-15	-10	135
     513	       0	0	0	       0	0	0	-15	-15	135
     514	       0	0	0	       0	0	0	-15	-20	135
     515	       0	0	0	       0	0	0	-15	20	130
     516	       0	0	0	       0	0	0	-15	15	130
     517	       0	0	0	       0	0	0	-15	10	130
     518	       0	0	0	       0	0	0	-15	5	130
     519	       0	0	0	       0	0	0	-15	0	130
     520	       0	0	0	       0	0	0	-15	-5	130
     521	       0	0	0	       0	0	0	-15	-10	130
     522	       0	0	0	       0	0	0	-15	-15	130
     523	       0	0	0	       0	0	0	-15	-20	130
     524	       0	0	0	       0	0	0	-15	20	125
     525	       0	0	0	       0	0	0	-15	15	125
     526	       0	0	0	       0	0	0	-15	10	125
     527	       0	0	0	       0	0	0	-15	5	125
     528	       0	0	0	       0	0	0	-15	0	125
     529	       0	0	0	       0	0	0	-15	-5	125
     530	       0	0	0	       0	0	0	-15	-10	125
     531	       0	0	0	       0	0	0	-15	-15	125
     532	       0	0	0	       0	0	0	-15	-20	125
     533	       0	0	0	       0	0	0	-15	20	120
     534	       0	0	0	       0	0	0	-15	15	120
     535	       0	0	0	       0	0	0	-15	10	120
     536	       0	0	0	       0	0	0	-15	5	120
     537	       0	0	0	       0	0	0	-15	0	120
     538	       0	0	0	       0	0	0	-15	-5	120
     539	       0	0	0	       0	0	0	-15	-10	120
     540	       0	0	0	       0	0	0	-15	-15	120
     541	       0	0	0	       0	0	0	-15	-20	120
     542	       0	0	0	       0	0	0	-15	20	115
     543	       0	0	0	       0	0	0	-15	15	115
     544	       0	0	0	       0	0	0	-15	10	115
     545	       0	0	0	       0	0	0	-15	5	115
     546	       0	0	0	       0	0	0	-15	0	115
     547	       0	0	0	       0	0	0	-15	-5	115
     548	       0	0	0	       0	0	0	-15	-10	115
     549	       0	0	0	       0	0	0	-15	-15	115
     550	       0	0	0	       0	0	0	-15	-20	115
     551	       0	0	0	       0	0	0	-15	20	110
     552	       0	0	0	       0	0	0	-15	15	110
     553	       0	0	0	       0	0	0	-15	10	110
     554	       0	0	0	       0	0	0	-15	5	110
     555	       0	0	0	       0	0	0	-15	0	110
     556	       0	0	0	       0	0	0	-15	-5	110
     557	       0	0	0	       0	0	0	-15	-10	110
     558	       0	0	0	       0	0	0	-15	-15	110
     559	       0	0	0	       0	0	0	-15	-20	110
     560	       0	0	0	       0	0	0	-15	20	105
     561	       0	0	0	       0	0	0	-15	15	105
     562	       0	0	0	       0	0	0	-15	10	105
     563	       0	0	0	       0	0	0	-15	5	105
     564	       0	0	0	       0	0	0	-15	0	105
     565	       0	0	0	       0	0	0	-15	-5	105
     566	       0	0	0	       0	0	0	-15	-10	105
     567	       0	0	0	       0	0	0	-15	-15	105
     568	       0	0	0	       0	0	0	-15	-20	105
     569	       0	0	0	       0	0	0	-15	20	100
     570	       0	0	0	       0	0	0	-15	15	100
     571	       0	0	0	       0	0	0	-15	10	100
     572	       0	0	0	       0	0	0	-15	5	100
     573	       0	0	0	       0	0	0	-15	0	100
     574	       0	0	0	       0	0	0	-15	-5	100
     575	       0	0	0	       0	0	0	-15	-10	100
     576	       0	0	0	       0	0	0	-15	-15	100
     577	       0	0	0	       0	0	0	-15	-20	100
     578	       0	0	0	       0	0	0	-15	20	95
     579	       0	0	0	       0	0	0	-15	15	95
     580	       0	0	0	       0	0	0	-15	10	95
     581	       0	0	0	       0	0	0	-15	5	95
     582	       0	0	0	       0	0	0	-15	0	95
     583	       0	0	0	       0	0	0	-15	-5	95
     584	       0	0	0	       0	0	0	-15	-10	95
     585	       0	0	0	       0	0	0	-15	-15	95
     586	       0	0	0	       0	0	0	-15	-20	95
     587	       0	0	0	       0	0	0	-15	20	90
     588	       0	0	0	       0	0	0	-15	15	90
     589	       0	0	0	       0	0	0	-15	10	90
     590	       0	0	0	       0	0	0	-15	5	90
     591	       0	0	0	       0	0	0	-15	0	90
     592	       0	0	0	       0	0	0	-15	-5	90
     593	       0	0	0	       0	0	0	-15	-10	90
     594	       0	0	0	       0	0	0	-15	-15	90
     595	       0	0	0	       0	0	0	-15	-20	90
     596	       0	0	0	       0	0	0	-15	20	85
     597	       0	0	0	       0	0	0	-15	15	85
     598	       0	0	0	       0	0	0	-15	10	85
     599	       0	0	0	       0	0	0	-15	5	85
     600	       0	0	0	       0	0	0	-15	0	85
     601	       0	0	0	       0	0	0	-15	-5	85
     602	       0	0	0	       0	0	0	-15	-10	85
     603	       0	0	0	       0	0	0	-15	-15	85
     604	       0	0	0	       0	0	0	-15	-20	85
     605	       0	0	0	       0	0	0	-15	20	80
     606	       0	0	0	       0	0	0	-15	15	80
     607	       0	0	0	       0	0	0	-15	10	80
     608	       0	0	0	       0	0	0	-15	5	80
     609	       0	0	0	       0	0	0	-15	0	80
     610	       0	0	0	       0	0	0	-15	-5	80
     611	       0	0	0	       0	0	0	-15	-10	80
     612	       0	0	0	       0	0	0	-15	-15	80
     613	       0	0	0	       0	0	0	-15	-20	80
     614	       0	0	0	       0	0	0	-15	20	75
     615	       0	0	0	       0	0	0	-15	15	75
     616	       0	0	0	       0	0	0	-15	10	75
     617	       0	0	0	       0	0	0	-15	5	75
     618	       0	0	0	       0	0	0	-15	0	75
     619	       0	0	0	       0	0	0	-15	-5	75
     620	       0	0	0	       0	0	0	-15	-10	75
     621	       0	0	0	       0	0	0	-15	-15	75
     622	       0	0	0	       0	0	0	-15	-20	75
     623	       0	0	0	       0	0	0	-15	20	70
     624	       0	0	0	       0	0	0	-15	15	70
     625	       0	0	0	       0	0	0	-15	10	70
     626	       0	0	0	       0	0	0	-15	5	70
     627	       0	0	0	       0	0	0	-15	0	70
     628	       0	0	0	       0	0	0	-15	-5	70
     629	       0	0	0	       0	0	0	-15	-10	70
     630	       0	0	0	       0	0	0	-15	-15	70
     631	       0	0	0	       0	0	0	-15	-20	70
     632	       0	0	0	       0	0	0	-15	20	65
     633	       0	0	0	       0	0	0	-15	15	65
     634	       0	0	0	       0	0	0	-15	10	65
     635	       0	0	0	       0	0	0	-15	5	65
     636	       0	0	0	       0	0	0	-15	0	65
     637	       0	0	0	       0	0	0	-15	-5	65
     638	       0	0	0	       0	0	0	-15	-10	65
     639	       0	0	0	       0	0	0	-15	-15	65
     640	       0	0	0	       0	0	0	-15	-20	65
     641	       0	0	0	       0	0	0	-15	20	60
     642	       0	0	0	       0	0	0	-15	15	60
     643	       0	0	0	       0	0	0	-15	10	60
     644	       0	0	0	       0	0	0	-15	5	60
     645	       0	0	0	       0	0	0	-15	0	60
     646	       0	0	0	       0	0	0	-15	-5	60
     647	       0	0	0	       0	0	0	-15	-10	60
     648	       0	0	0	       0	0	0	-15	-15	60
     649	       0	0	0	       0	0	0	-15	-20	60
     650	       0	0	0	       0	0	0	-15	20	55
     651	       0	0	0	       0	0	0	-15	15	55
     652	       0	0	0	       0	0	0	-15	10	55
     653	       0	0	0	       0	0	0	-15	5	55
     654	       0	0	0	       0	0	0	-15	0	55
     655	       0	0	0	       0	0	0	-15	-5	55
     656	       0	0	0	       0	0	0	-15	-10	55
     657	       0	0	0	       0	0	0	-15	-15	55
     658	       0	0	0	       0	0	0	-15	-20	55
     659	       0	0	0	       0	0	0	-15	20	50
     660	       0	0	0	       0	0	0	-15	15	50
     661	       0	0	0	       0	0	0	-15	10	50
     662	       0	0	0	       0	0	0	-15	5	50
     663	       0	0	0	       0	0	0	-15	0	50
     664	       0	0	0	       0	0	0	-15	-5	50
     665	       0	0	0	       0	0	0	-15	-10	50
     666	       0	0	0	       0	0	0	-15	-15	50
     667	       0	0	0	       0	0	0	-15	-20	50
     668	       0	0	0	       0	0	0	-15	20	45
     669	       0	0	0	       0	0	0	-15	15	45
     670	       0	0	0	       0	0	0	-15	10	45
     671	       0	0	0	       0	0	0	-15	5	45
     672	       0	0	0	       0	0	0	-15	0	45
     673	       0	0	0	       0	0	0	-15	-5	45
     674	       0	0	0	       0	0	0	-15	-10	45
     675	       0	0	0	       0	0	0	-15	-15	45
     676	       0	0	0	       0	0	0	-15	-20	45
     677	       0	0	0	       0	0	0	-15	20	40
     678	       0	0	0	       0	0	0	-15	15	40
     679	       0	0	0	       0	0	0	-15	10	40
     680	       0	0	0	       0	0	0	-15	5	40
     681	       0	0	0	       0	0	0	-15	0	40
     682	       0	0	0	       0	0	0	-15	-5	40
     683	       0	0	0	       0	0	0	-15	-10	40
     684	       0	0	0	       0	0	0	-15	-15	40
     685	       0	0	0	       0	0	0	-15	-20	40
     686	       0	0	0	       0	0	0	-15	20	35
     687	       0	0	0	       0	0	0	-15	15	35
     688	       0	0	0	       0	0	0	-15	10	35
     689	       0	0	0	       0	0	0	-15	5	35
     690	       0	0	0	       0	0	0	-15	0	35
     691	       0	0	0	       0	0	0	-15	-5	35
     692	       0	0	0	       0	0	0	-15	-10	35
     693	       0	0	0	       0	0	0	-15	-15	35
     694	       0	0	0	       0	0	0	-15	-20	35
     695	       0	0	0	       0	0	0	-15	20	30
     696	       0	0	0	       0	0	0	-15	15	30
     697	       0	0	0	       0	0	0	-15	10	30
     698	       0	0	0	       0	0	0	-15	5	30
     699	       0	0	0	       0	0	0	-15	0	30
     700	       0	0	0	       0	0	0	-15	-5	30
     701	       0	0	0	       0	0	0	-15	-10	30
     702	       0	0	0	       0	0	0	-15	-15	30
     703	       0	0	0	       0	0	0	-15	-20	30
     704	       0	0	0	       0	0	0	-15	20	25
     705	       0	0	0	       0	0	0	-15	15	25
     706	       0	0	0	       0	0	0	-15	10	25
     707	       0	0	0	       0	0	0	-15	5	25
     708	       0	0	0	       0	0	0	-15	0	25
     709	       0	0	0	       0	0	0	-15	-5	25
     710	       0	0	0	       0	0	0	-15	-10	25
     711	       0	0	0	       0	0	0	-15	-15	25
     712	       0	0	0	       0	0	0	-15	-20	25
     713	       0	0	0	       0	0	0	-15	20	20
     714	       0	0	0	       0	0	0	-15	15	20
     715	       0	0	0	       0	0	0	-15	10	20
     716	       0	0	0	       0	0	0	-15	5	20
     717	       0	0	0	       0	0	0	-15	0	20
     718	       0	0	0	       0	0	0	-15	-5	20
     719	       0	0	0	       0	0	0	-15	-10	20
     720	       0	0	0	       0	0	0	-15	-15	20
     721	       0	0	0	       0	0	0	-15	-20	20
     722	       0	0	0	       0	0	0	-15	20	15
     723	       0	0	0	       0	0	0	-15	15	15
     724	       0	0	0	       0	0	0	-15	10	15
     725	       0	0	0	       0	0	0	-15	5	15
     726	       0	0	0	       0	0	0	-15	0	15
     727	       0	0	0	       0	0	0	-15	-5	15
     728	       0	0	0	       0	0	0	-15	-10	15
     729	       0	0	0	       0	0	0	-15	-15	15
     730	       0	0	0	       0	0	0	-15	-20	15
     731	       0	0	0	       0	0	0	-15	20	10
     732	       0	0	0	       0	0	0	-15	15	10
     733	       0	0	0	       0	0	0	-15	10	10
     734	       0	0	0	       0	0	0	-15	5	10
     735	       0	0	0	       0	0	0	-15	0	10
     736	       0	0	0	       0	0	0	-15	-5	10
     737	       0	0	0	       0	0	0	-15	-10	10
     738	       0	0	0	       0	0	0	-15	-15	10
     739	       0	0	0	       0	0	0	-15	-20	10
     740	       0	0	0	       0	0	0	-15	20	5
     741	       0	0	0	       0	0	0	-15	15	5
     742	       0	0	0	       0	0	0	-15	10	5
     743	       0	0	0	       0	0	0	-15	5	5
     744	       0	0	0	       0	0	0	-15	0	5
     745	       0	0	0	       0	0	0	-15	-5	5
     746	       0	0	0	       0	0	0	-15	-10	5
     747	       0	0	0	       0	0	0	-15	-15	5
     748	       0	0	0	       0	0	0	-15	-20	5
     749	       0	0	0	       0	0	0	-10	-25	195
     750	       0	0	0	       0	0	0	-5	-25	195
     751	       0	0	0	       0	0	0	0	-25	195
     752	       0	0	0	       0	0	0	5	-25	195
     753	       0	0	0	       0	0	0	10	-25	195
     754	       0	0	0	       0	0	0	-10	-25	190
     755	       0	0	0	       0	0	0	-5	-25	190
     756	       0	0	0	       0	0	0	0	-25	190
     757	       0	0	0	       0	0	0	5	-25	190
     758	       0	0	0	       0	0	0	10	-25	190
     759	       0	0	0	       0	0	0	-10	-25	185
     760	       0	0	0	       0	0	0	-5	-25	185
     761	       0	0	0	       0	0	0	0	-25	185
     762	       0	0	0	       0	0	0	5	-25	185
     763	       0	0	0	       0	0	0	10	-25	185
     764	       0	0	0	       0	0	0	-10	-25	180
     765	       0	0	0	       0	0	0	-5	-25	180
     766	       0	0	0	       0	0	0	0	-25	180
     767	       0	0	0	       0	0	0	5	-25	180
     768	       0	0	0	       0	0	0	10	-25	180
     769	       0	0	0	       0	0	0	-10	-25	175
     770	       0	0	0	       0	0	0	-5	-25	175
     771	       0	0	0	       0	0	0	0	-25	175
     772	       0	0	0	       0	0	0	5	-25	175
     773	       0	0	0	       0	0	0	10	-25	175
     774	       0	0	0	       0	0	0	-10	-25	170
     775	       0	0	0	       0	0	0	-5	-25	170
     776	       0	0	0	       0	0	0	0	-25	170
     777	       0	0	0	       0	0	0	5	-25	170
     778	       0	0	0	       0	0	0	10	-25	170
     779	       0	0	0	       0	0	0	-10	-25	165
     780	       0	0	0	       0	0	0	-5	-25	165
     781	       0	0	0	       0	0	0	0	-25	165
     782	       0	0	0	       0	0	0	5	-25	165
     783	       0	0	0	       0	0	0	10	-25	165
     784	       0	0	0	       0	0	0	-10	-25	160
     785	       0	0	0	       0	0	0	-5	-25	160
     786	       0	0	0	       0	0	0	0	-25	160
     787	       0	0	0	       0	0	0	5	-25	160
     788	       0	0	0	       0	0	0	10	-25	160
     789	       0	0	0	       0	0	0	-10	-25	155
     790	       0	0	0	       0	0	0	-5	-25	155
     791	       0	0	0	       0	0	0	0	-25	155
     792	       0	0	0	       0	0	0	5	-25	155
     793	       0	0	0	       0	0	0	10	-25	155
     794	       0	0	0	       0	0	0	-10	-25	150
     795	       0	0	0	       0	0	0	-5	-25	150
     796	       0	0	0	       0	0	0	0	-25	150
     797	       0	0	0	       0	0	0	5	-25	150
     798	       0	0	0	       0	0	0	10	-25	150
     799	       0	0	0	       0	0	0	-10	-25	145
     800	       0	0	0	       0	0	0	-5	-25	145
     801	       0	0	0	       0	0	0	0	-25	145
     802	       0	0	0	       0	0	0	5	-25	145
     803	       0	0	0	       0	0	0	10	-25	145
     804	       0	0	0	       0	0	0	-10	-25	140
     805	       0	0	0	       0	0	0	-5	-25	140
     806	       0	0	0	       0	0	0	0	-25	140
     807	       0	0	0	       0	0	0	5	-25	140
     808	       0	0	0	       0	0	0	10	-25	140
     809	       0	0	0	       0	0	0	-10	-25	135
     810	       0	0	0	       0	0	0	-5	-25	135
     811	       0	0	0	       0	0	0	0	-25	135
     812	       0	0	0	       0	0	0	5	-25	135
     813	       0	0	0	       0	0	0	10	-25	135
     814	       0	0	0	       0	0	0	-10	-25	130
     815	       0	0	0	       0	0	0	-5	-25	130
     816	       0	0	0	       0	0	0	0	-25	130
     817	       0	0	0	       0	0	0	5	-25	130
     818	       0	0	0	       0	0	0	10	-25	130
     819	       0	0	0	       0	0	0	-10	-25	125
     820	       0	0	0	       0	0	0	-5	-25	125
     821	       0	0	0	       0	0	0	0	-25	125
     822	       0	0	0	       0	0	0	5	-25	125
     823	       0	0	0	       0	0	0	10	-25	125
     824	       0	0	0	       0	0	0	-10	-25	120
     825	       0	0	0	       0	0	0	-5	-25	120
     826	       0	0	0	       0	0	0	0	-25	120
     827	       0	0	0	       0	0	0	5	-25	120
     828	       0	0	0	       0	0	0	10	-25	120
     829	       0	0	0	       0	0	0	-10	-25	115
     830	       0	0	0	       0	0	0	-5	-25	115
     831	       0	0	0	       0	0	0	0	-25	115
     832	       0	0	0	       0	0	0	5	-25	115
     833	       0	0	0	       0	0	0	10	-25	115
     834	       0	0	0	       0	0	0	-10	-25	110
     835	       0	0	0	       0	0	0	-5	-25	110
     836	       0	0	0	       0	0	0	0	-25	110
     837	       0	0	0	       0	0	0	5	-25	110
     838	       0	0	0	       0	0	0	10	-25	110
     839	       0	0	0	       0	0	0	-10	-25	105
     840	       0	0	0	       0	0	0	-5	-25	105
     841	       0	0	0	       0	0	0	0	-25	105
     842	       0	0	0	       0	0	0	5	-25	105
     843	       0	0	0	       0	0	0	10	-25	105
     844	       0	0	0	       0	0	0	-10	-25	100
     845	       0	0	0	       0	0	0	-5	-25	100
     846	       0	0	0	       0	0	0	0	-25	100
     847	       0	0	0	       0	0	0	5	-25	100
     848	       0	0	0	       0	0	0	10	-25	100
     849	       0	0	0	       0	0	0	-10	-25	95
     850	       0	0	0	       0	0	0	-5	-25	95
     851	       0	0	0	       0	0	0	0	-25	95
     852	       0	0	0	       0	0	0	5	-25	95
     853	       0	0	0	       0	0	0	10	-25	95
     854	       0	0	0	       0	0	0	-10	-25	90
     855	       0	0	0	       0	0	0	-5	-25	90
     856	       0	0	0	       0	0	0	0	-25	90
     857	       0	0	0	       0	0	0	5	-25	90
     858	       0	0	0	       0	0	0	10	-25	90
     859	       0	0	0	       0	0	0	-10	-25	85
     860	       0	0	0	       0	0	0	-5	-25	85
     861	       0	0	0	       0	0	0	0	-25	85
     862	       0	0	0	       0	0	0	5	-25	85
     863	       0	0	0	       0	0	0	10	-25	85
     864	       0	0	0	       0	0	0	-10	-25	80
     865	       0	0	0	       0	0	0	-5	-25	80
     866	       0	0	0	       0	0	0	0	-25	80
     867	       0	0	0	       0	0	0	5	-25	80
     868	       0	0	0	       0	0	0	10	-25	80
     869	       0	0	0	       0	0	0	-10	-25	75
     870	       0	0	0	       0	0	0	-5	-25	75
     871	       0	0	0	       0	0	0	0	-25	75
     872	       0	0	0	       0	0	0	5	-25	75
     873	       0	0	0	       0	0	0	10	-25	75
     874	       0	0	0	       0	0	0	-10	-25	70
     875	       0	0	0	       0	0	0	-5	-25	70
     876	       0	0	0	       0	0	0	0	-25	70
     877	       0	0	0	       0	0	0	5	-25	70
     878	       0	0	0	       0	0	0	10	-25	70
     879	       0	0	0	       0	0	0	-10	-25	65
     880	       0	0	0	       0	0	0	-5	-25	65
     881	       0	0	0	       0	0	0	0	-25	65
     882	       0	0	0	       0	0	0	5	-25	65
     883	       0	0	0	       0	0	0	10	-25	65
     884	       0	0	0	       0	0	0	-10	-25	60
     885	       0	0	0	       0	0	0	-5	-25	60
     886	       0	0	0	       0	0	0	0	-25	60
     887	       0	0	0	       0	0	0	5	-25	60
     888	       0	0	0	       0	0	0	10	-25	60
     889	       0	0	0	       0	0	0	-10	-25	55
     890	       0	0	0	       0	0	0	-5	-25	55
     891	       0	0	0	       0	0	0	0	-25	55
     892	       0	0	0	       0	0	0	5	-25	55
     893	       0	0	0	       0	0	0	10	-25	55
     894	       0	0	0	       0	0	0	-10	-25	50
     895	       0	0	0	       0	0	0	-5	-25	50
     896	       0	0	0	       0	0	0	0	-25	50
     897	       0	0	0	       0	0	0	5	-25	50
     898	       0	0	0	       0	0	0	10	-25	50
     899	       0	0	0	       0	0	0	-10	-25	45
     900	       0	0	0	       0	0	0	-5	-25	45
     901	       0	0	0	       0	0	0	0	-25	45
     902	       0	0	0	       0	0	0	5	-25	45
     903	       0	0	0	       0	0	0	10	-25	45
     904	       0	0	0	       0	0	0	-10	-25	40
     905	       0	0	0	       0	0	0	-5	-25	40
     906	       0	0	0	       0	0	0	0	-25	40
     907	       0	0	0	       0	0	0	5	-25	40
     908	       0	0	0	       0	0	0	10	-25	40
     909	       0	0	0	       0	0	0	-10	-25	35
     910	       0	0	0	       0	0	0	-5	-25	35
     911	       0	0	0	       0	0	0	0	-25	35
     912	       0	0	0	       0	0	0	5	-25	35
     913	       0	0	0	       0	0	0	10	-25	35
     914	       0	0	0	       0	0	0	-10	-25	30
     915	       0	0	0	       0	0	0	-5	-25	30
     916	       0	0	0	       0	0	0	0	-25	30
     917	       0	0	0	       0	0	0	5	-25	30
     918	       0	0	0	       0	0	0	10	-25	30
     919	       0	0	0	       0	0	0	-10	-25	25
     920	       0	0	0	       0	0	0	-5	-25	25
     921	       0	0	0	       0	0	0	0	-25	25
     922	       0	0	0	       0	0	0	5	-25	25
     923	       0	0	0	       0	0	0	10	-25	25
     924	       0	0	0	       0	0	0	-10	-25	20
     925	       0	0	0	       0	0	0	-5	-25	20
     926	       0	0	0	       0	0	0	0	-25	20
     927	       0	0	0	       0	0	0	5	-25	20
     928	       0	0	0	       0	0	0	10	-25	20
     929	       0	0	0	       0	0	0	-10	-25	15
     930	       0	0	0	       0	0	0	-5	-25	15
     931	       0	0	0	       0	0	0	0	-25	15
     932	       0	0	0	       0	0	0	5	-25	15
     933	       0	0	0	       0	0	0	10	-25	15
     934	       0	0	0	       0	0	0	-10	-25	10
     935	       0	0	0	       0	0	0	-5	-25	10
     936	       0	0	0	       0	0	0	0	-25	10
     937	       0	0	0	       0	0	0	5	-25	10
     938	       0	0	0	       0	0	0	10	-25	10
     939	       0	0	0	       0	0	0	-10	-25	5
     940	       0	0	0	       0	0	0	-5	-25	5
     941	       0	0	0	       0	0	0	0	-25	5
     942	       0	0	0	       0	0	0	5	-25	5
     943	       0	0	0	       0	0	0	10	-25	5
       1       1
       2       2   -1000
       3     880       1
       1      2.100e+05    0.30    7850   10
       1       1       9     203      96       1
       2       9      10     204     203       1
       3      10      11     205     204       1
       4      11      12     206     205       1
       5      12      13     207     206       1
       6      13       2      14     207       1
       7      96     203     208      95       1
       8     203     204     209     208       1
       9     204     205     210     209       1
      10     205     206     211     210       1
      11     206     207     212     211       1
      12     207      14      15     212       1
      13      95     208     213      94       1
      14     208     209     214     213       1
      15     209     210     215     214       1
      16     210     211     216     215       1
      17     211     212     217     216       1
      18     212      15      16     217       1
      19      94     213     218      93       1
      20     213     214     219     218       1
      21     214     215     220     219       1
      22     215     216     221     220       1
      23     216     217     222     221       1
      24     217      16      17     222       1
      25      93     218     223      92       1
      26     218     219     224     223       1
      27     219     220     225     224       1
      28     220     221     226     225       1
      29     221     222     227     226       1
      30     222      17      18     227       1
      31      92     223     228      91       1
      32     223     224     229     228       1
      33     224     225     230     229       1
      34     225     226     231     230       1
      35     226     227     232     231       1
      36     227      18      19     232       1
      37      91     228     233      90       1
      38     228     229     234     233       1
      39     229     230     235     234       1
      40     230     231     236     235       1
      41     231     232     237     236       1
      42     232      19      20     237       1
      43      90     233     238      89       1
      44     233     234     239     238       1
      45     234     235     240     239       1
      46     235     236     241     240       1
      47     236     237     242     241       1
      48     237      20      21     242       1
      49      89     238     243      88       1
      50     238     239     244     243       1
      51     239     240     245     244       1
      52     240     241     246     245       1
      53     241     242     247     246       1
      54     242      21      22     247       1
      55      88     243     248      87       1
      56     243     244     249     248       1
      57     244     245     250     249       1
      58     245     246     251     250       1
      59     246     247     252     251       1
      60     247      22      23     252       1
      61      87     248     253      86       1
      62     248     249     254     253       1
      63     249     250     255     254       1
      64     250     251     256     255       1
      65     251     252     257     256       1
      66     252      23      24     257       1
      67      86     253     258      85       1
      68     253     254     259     258       1
      69     254     255     260     259       1
      70     255     256     261     260       1
      71     256     257     262     261       1
      72     257      24      25     262       1
      73      85     258     263      84       1
      74     258     259     264     263       1
      75     259     260     265     264       1
      76     260     261     266     265       1
      77     261     262     267     266       1
      78     262      25      26     267       1
      79      84     263     268      83       1
      80     263     264     269     268       1
      81     264     265     270     269       1
      82     265     266     271     270       1
      83     266     267     272     271       1
      84     267      26      27     272       1
      85      83     268     273      82       1
      86     268     269     274     273       1
      87     269     270     275     274       1
      88     270     271     276     275       1
      89     271     272     277     276       1
      90     272      27      28     277       1
      91      82     273     278      81       1
      92     273     274     279     278       1
      93     274     275     280     279       1
      94     275     276     281     280       1
      95     276     277     282     281       1
      96     277      28      29     282       1
      97      81     278     283      80       1
      98     278     279     284     283       1
      99     279     280     285     284       1
     100     280     281     286     285       1
     101     281     282     287     286       1
     102     282      29      30     287       1
     103      80     283     288      79       1
     104     283     284     289     288       1
     105     284     285     290     289       1
     106     285     286     291     290       1
     107     286     287     292     291       1
     108     287      30      31     292       1
     109      79     288     293      78       1
     110     288     289     294     293       1
     111     289     290     295     294       1
     112     290     291     296     295       1
     113     291     292     297     296       1
     114     292      31      32     297       1
     115      78     293     298      77       1
     116     293     294     299     298       1
     117     294     295     300     299       1
     118     295     296     301     300       1
     119     296     297     302     301       1
     120     297      32      33     302       1
     121      77     298     303      76       1
     122     298     299     304     303       1
     123     299     300     305     304       1
     124     300     301     306     305       1
     125     301     302     307     306       1
     126     302      33      34     307       1
     127      76     303     308      75       1
     128     303     304     309     308       1
     129     304     305     310     309       1
     130     305     306     311     310       1
     131     306     307     312     311       1
     132     307      34      35     312       1
     133      75     308     313      74       1
     134     308     309     314     313       1
     135     309     310     315     314       1
     136     310     311     316     315       1
     137     311     312     317     316       1
     138     312      35      36     317       1
     139      74     313     318      73       1
     140     313     314     319     318       1
     141     314     315     320     319       1
     142     315     316     321     320       1
     143     316     317     322     321       1
     144     317      36      37     322       1
     145      73     318     323      72       1
     146     318     319     324     323       1
     147     319     320     325     324       1
     148     320     321     326     325       1
     149     321     322     327     326       1
     150     322      37      38     327       1
     151      72     323     328      71       1
     152     323     324     329     328       1
     153     324     325     330     329       1
     154     325     326     331     330       1
     155     326     327     332     331       1
     156     327      38      39     332       1
     157      71     328     333      70       1
     158     328     329     334     333       1
     159     329     330     335     334       1
     160     330     331     336     335       1
     161     331     332     337     336       1
     162     332      39      40     337       1
     163      70     333     338      69       1
     164     333     334     339     338       1
     165     334     335     340     339       1
     166     335     336     341     340       1
     167     336     337     342     341       1
     168     337      40      41     342       1
     169      69     338     343      68       1
     170     338     339     344     343       1
     171     339     340     345     344       1
     172     340     341     346     345       1
     173     341     342     347     346       1
     174     342      41      42     347       1
     175      68     343     348      67       1
     176     343     344     349     348       1
     177     344     345     350     349       1
     178     345     346     351     350       1
     179     346     347     352     351       1
     180     347      42      43     352       1
     181      67     348     353      66       1
     182     348     349     354     353       1
     183     349     350     355     354       1
     184     350     351     356     355       1
     185     351     352     357     356       1
     186     352      43      44     357       1
     187      66     353     358      65       1
     188     353     354     359     358       1
     189     354     355     360     359       1
     190     355     356     361     360       1
     191     356     357     362     361       1
     192     357      44      45     362       1
     193      65     358     363      64       1
     194     358     359     364     363       1
     195     359     360     365     364       1
     196     360     361     366     365       1
     197     361     362     367     366       1
     198     362      45      46     367       1
     199      64     363     368      63       1
     200     363     364     369     368       1
     201     364     365     370     369       1
     202     365     366     371     370       1
     203     366     367     372     371       1
     204     367      46      47     372       1
     205      63     368     373      62       1
     206     368     369     374     373       1
     207     369     370     375     374       1
     208     370     371     376     375       1
     209     371     372     377     376       1
     210     372      47      48     377       1
     211      62     373     378      61       1
     212     373     374     379     378       1
     213     374     375     380     379       1
     214     375     376     381     380       1
     215     376     377     382     381       1
     216     377      48      49     382       1
     217      61     378     383      60       1
     218     378     379     384     383       1
     219     379     380     385     384       1
     220     380     381     386     385       1
     221     381     382     387     386       1
     222     382      49      50     387       1
     223      60     383     388      59       1
     224     383     384     389     388       1
     225     384     385     390     389       1
     226     385     386     391     390       1
     227     386     387     392     391       1
     228     387      50      51     392       1
     229      59     388     393      58       1
     230     388     389     394     393       1
     231     389     390     395     394       1
     232     390     391     396     395       1
     233     391     392     397     396       1
     234     392      51      52     397       1
     235      58     393      57       4       1
     236     393     394      56      57       1
     237     394     395      55      56       1
     238     395     396      54      55       1
     239     396     397      53      54       1
     240     397      52       3      53       1
     241       2      97     398      14       1
     242      97      98     399     398       1
     243      98      99     400     399       1
     244      99     100     401     400       1
     245     100     101     402     401       1
     246     101     102     403     402       1
     247     102     103     404     403       1
     248     103     104     405     404       1
     249     104     105     406     405       1
     250     105       5     106     406       1
     251      14     398     407      15       1
     252     398     399     408     407       1
     253     399     400     409     408       1
     254     400     401     410     409       1
     255     401     402     411     410       1
     256     402     403     412     411       1
     257     403     404     413     412       1
     258     404     405     414     413       1
     259     405     406     415     414       1
     260     406     106     107     415       1
     261      15     407     416      16       1
     262     407     408     417     416       1
     263     408     409     418     417       1
     264     409     410     419     418       1
     265     410     411     420     419       1
     266     411     412     421     420       1
     267     412     413     422     421       1
     268     413     414     423     422       1
     269     414     415     424     423       1
     270     415     107     108     424       1
     271      16     416     425      17       1
     272     416     417     426     425       1
     273     417     418     427     426       1
     274     418     419     428     427       1
     275     419     420     429     428       1
     276     420     421     430     429       1
     277     421     422     431     430       1
     278     422     423     432     431       1
     279     423     424     433     432       1
     280     424     108     109     433       1
     281      17     425     434      18       1
     282     425     426     435     434       1
     283     426     427     436     435       1
     284     427     428     437     436       1
     285     428     429     438     437       1
     286     429     430     439     438       1
     287     430     431     440     439       1
     288     431     432     441     440       1
     289     432     433     442     441       1
     290     433     109     110     442       1
     291      18     434     443      19       1
     292     434     435     444     443       1
     293     435     436     445     444       1
     294     436     437     446     445       1
     295     437     438     447     446       1
     296     438     439     448     447       1
     297     439     440     449     448       1
     298     440     441     450     449       1
     299     441     442     451     450       1
     300     442     110     111     451       1
     301      19     443     452      20       1
     302     443     444     453     452       1
     303     444     445     454     453       1
     304     445     446     455     454       1
     305     446     447     456     455       1
     306     447     448     457     456       1
     307     448     449     458     457       1
     308     449     450     459     458       1
     309     450     451     460     459       1
     310     451     111     112     460       1
     311      20     452     461      21       1
     312     452     453     462     461       1
     313     453     454     463     462       1
     314     454     455     464     463       1
     315     455     456     465     464       1
     316     456     457     466     465       1
     317     457     458     467     466       1
     318     458     459     468     467       1
     319     459     460     469     468       1
     320     460     112     113     469       1
     321      21     461     470      22       1
     322     461     462     471     470       1
     323     462     463     472     471       1
     324     463     464     473     472       1
     325     464     465     474     473       1
     326     465     466     475     474       1
     327     466     467     476     475       1
     328     467     468     477     476       1
     329     468     469     478     477       1
     330     469     113     114     478       1
     331      22     470     479      23       1
     332     470     471     480     479       1
     333     471     472     481     480       1
     334     472     473     482     481       1
     335     473     474     483     482       1
     336     474     475     484     483       1
     337     475     476     485     484       1
     338     476     477     486     485       1
     339     477     478     487     486       1
     340     478     114     115     487       1
     341      23     479     488      24       1
     342     479     480     489     488       1
     343     480     481     490     489       1
     344     481     482     491     490       1
     345     482     483     492     491       1
     346     483     484     493     492       1
     347     484     485     494     493       1
     348     485     486     495     494       1
     349     486     487     496     495       1
     350     487     115     116     496       1
     351      24     488     497      25       1
     352     488     489     498     497       1
     353     489     490     499     498       1
     354     490     491     500     499       1
     355     491     492     501     500       1
     356     492     493     502     501       1
     357     493     494     503     502       1
     358     494     495     504     503       1
     359     495     496     505     504       1
     360     496     116     117     505       1
     361      25     497     506      26       1
     362     497     498     507     506       1
     363     498     499     508     507       1
     364     499     500     509     508       1
     365     500     501     510     509       1
     366     501     502     511     510       1
     367     502     503     512     511       1
     368     503     504     513     512       1
     369     504     505     514     513       1
     370     505     117     118     514       1
     371      26     506     515      27       1
     372     506     507     516     515       1
     373     507     508     517     516       1
     374     508     509     518     517       1
     375     509     510     519     518       1
     376     510     511     520     519       1
     377     511     512     521     520       1
     378     512     513     522     521       1
     379     513     514     523     522       1
     380     514     118     119     523       1
     381      27     515     524      28       1
     382     515     516     525     524       1
     383     516     517     526     525       1
     384     517     518     527     526       1
     385     518     519     528     527       1
     386     519     520     529     528       1
     387     520     521     530     529       1
     388     521     522     531     530       1
     389     522     523     532     531       1
     390     523     119     120     532       1
     391      28     524     533      29       1
     392     524     525     534     533       1
     393     525     526     535     534       1
     394     526     527     536     535       1
     395     527     528     537     536       1
     396     528     529     538     537       1
     397     529     530     539     538       1
     398     530     531     540     539       1
     399     531     532     541     540       1
     400     532     120     121     541       1
     401      29     533     542      30       1
     402     533     534     543     542       1
     403     534     535     544     543       1
     404     535     536     545     544       1
     405     536     537     546     545       1
     406     537     538     547     546       1
     407     538     539     548     547       1
     408     539     540     549     548       1
     409     540     541     550     549       1
     410     541     121     122     550       1
     411      30     542     551      31       1
     412     542     543     552     551       1
     413     543     544     553     552       1
     414     544     545     554     553       1
     415     545     546     555     554       1
     416     546     547     556     555       1
     417     547     548     557     556       1
     418     548     549     558     557       1
     419     549     550     559     558       1
     420     550     122     123     559       1
     421      31     551     560      32       1
     422     551     552     561     560       1
     423     552     553     562     561       1
     424     553     554     563     562       1
     425     554     555     564     563       1
     426     555     556     565     564       1
     427     556     557     566     565       1
     428     557     558     567     566       1
     429     558     559     568     567       1
     430     559     123     124     568       1
     431      32     560     569      33       1
     432     560     561     570     569       1
     433     561     562     571     570       1
     434     562     563     572     571       1
     435     563     564     573     572       1
     436     564     565     574     573       1
     437     565     566     575     574       1
     438     566     567     576     575       1
     439     567     568     577     576       1
     440     568     124     125     577       1
     441      33     569     578      34       1
     442     569     570     579     578       1
     443     570     571     580     579       1
     444     571     572     581     580       1
     445     572     573     582     581       1
     446     573     574     583     582       1
     447     574     575     584     583       1
     448     575     576     585     584       1
     449     576     577     586     585       1
     450     577     125     126     586       1
     451      34     578     587      35       1
     452     578     579     588     587       1
     453     579     580     589     588       1
     454     580     581     590     589       1
     455     581     582     591     590       1
     456     582     583     592     591       1
     457     583     584     593     592       1
     458     584     585     594     593       1
     459     585     586     595     594       1
     460     586     126     127     595       1
     461      35     587     596      36       1
     462     587     588     597     596       1
     463     588     589     598     597       1
     464     589     590     599     598       1
     465     590     591     600     599       1
     466     591     592     601     600       1
     467     592     593     602     601       1
     468     593     594     603     602       1
     469     594     595     604     603       1
     470     595     127     128     604       1
     471      36     596     605      37       1
     472     596     597     606     605       1
     473     597     598     607     606       1
     474     598     599     608     607       1
     475     599     600     609     608       1
     476     600     601     610     609       1
     477     601     602     611     610       1
     478     602     603     612     611       1
     479     603     604     613     612       1
     480     604     128     129     613       1
     481      37     605     614      38       1
     482     605     606     615     614       1
     483     606     607     616     615       1
     484     607     608     617     616       1
     485     608     609     618     617       1
     486     609     610     619     618       1
     487     610     611     620     619       1
     488     611     612     621     620       1
     489     612     613     622     621       1
     490     613     129     130     622       1
     491      38     614     623      39       1
     492     614     615     624     623       1
     493     615     616     625     624       1
     494     616     617     626     625       1
     495     617     618     627     626       1
     496     618     619     628     627       1
     497     619     620     629     628       1
     498     620     621     630     629       1
     499     621     622     631     630       1
     500     622     130     131     631       1
     501      39     623     632      40       1
     502     623     624     633     632       1
     503     624     625     634     633       1
     504     625     626     635     634       1
     505     626     627     636     635       1
     506     627     628     637     636       1
     507     628     629     638     637       1
     508     629     630     639     638       1
     509     630     631     640     639       1
     510     631     131     132     640       1
     511      40     632     641      41       1
     512     632     633     642     641       1
     513     633     634     643     642       1
     514     634     635     644     643       1
     515     635     636     645     644       1
     516     636     637     646     645       1
     517     637     638     647     646       1
     518     638     639     648     647       1
     519     639     640     649     648       1
     520     640     132     133     649       1
     521      41     641     650      42       1
     522     641     642     651     650       1
     523     642     643     652     651       1
     524     643     644     653     652       1
     525     644     645     654     653       1
     526     645     646     655     654       1
     527     646     647     656     655       1
     528     647     648     657     656       1
     529     648     649     658     657       1
     530     649     133     134     658       1
     531      42     650     659      43       1
     532     650     651     660     659       1
     533     651     652     661     660       1
     534     652     653     662     661       1
     535     653     654     663     662       1
     536     654     655     664     663       1
     537     655     656     665     664       1
     538     656     657     666     665       1
     539     657     658     667     666       1
     540     658     134     135     667       1
     541      43     659     668      44       1
     542     659     660     669     668       1
     543     660     661     670     669       1
     544     661     662     671     670       1
     545     662     663     672     671       1
     546     663     664     673     672       1
     547     664     665     674     673       1
     548     665     666     675     674       1
     549     666     667     676     675       1
     550     667     135     136     676       1
     551      44     668     677      45       1
     552     668     669     678     677       1
     553     669     670     679     678       1
     554     670     671     680     679       1
     555     671     672     681     680       1
     556     672     673     682     681       1
     557     673     674     683     682       1
     558     674     675     684     683       1
     559     675     676     685     684       1
     560     676     136     137     685       1
     561      45     677     686      46       1
     562     677     678     687     686       1
     563     678     679     688     687       1
     564     679     680     689     688       1
     565     680     681     690     689       1
     566     681     682     691     690       1
     567     682     683     692     691       1
     568     683     684     693     692       1
     569     684     685     694     693       1
     570     685     137     138     694       1
     571      46     686     695      47       1
     572     686     687     696     695       1
     573     687     688     697     696       1
     574     688     689     698     697       1
     575     689     690     699     698       1
     576     690     691     700     699       1
     577     691     692     701     700       1
     578     692     693     702     701       1
     579     693     694     703     702       1
     580     694     138     139     703       1
     581      47     695     704      48       1
     582     695     696     705     704       1
     583     696     697     706     705       1
     584     697     698     707     706       1
     585     698     699     708     707       1
     586     699     700     709     708       1
     587     700     701     710     709       1
     588     701     702     711     710       1
     589     702     703     712     711       1
     590     703     139     140     712       1
     591      48     704     713      49       1
     592     704     705     714     713       1
     593     705     706     715     714       1
     594     706     707     716     715       1
     595     707     708     717     716       1
     596     708     709     718     717       1
     597     709     710     719     718       1
     598     710     711     720     719       1
     599     711     712     721     720       1
     600     712     140     141     721       1
     601      49     713     722      50       1
     602     713     714     723     722       1
     603     714     715     724     723       1
     604     715     716     725     724       1
     605     716     717     726     725       1
     606     717     718     727     726       1
     607     718     719     728     727       1
     608     719     720     729     728       1
     609     720     721     730     729       1
     610     721     141     142     730       1
     611      50     722     731      51       1
     612     722     723     732     731       1
     613     723     724     733     732       1
     614     724     725     734     733       1
     615     725     726     735     734       1
     616     726     727     736     735       1
     617     727     728     737     736       1
     618     728     729     738     737       1
     619     729     730     739     738       1
     620     730     142     143     739       1
     621      51     731     740      52       1
     622     731     732     741     740       1
     623     732     733     742     741       1
     624     733     734     743     742       1
     625     734     735     744     743       1
     626     735     736     745     744       1
     627     736     737     746     745       1
     628     737     738     747     746       1
     629     738     739     748     747       1
     630     739     143     144     748       1
     631      52     740     153       3       1
     632     740     741     152     153       1
     633     741     742     151     152       1
     634     742     743     150     151       1
     635     743     744     149     150       1
     636     744     745     148     149       1
     637     745     746     147     148       1
     638     746     747     146     147       1
     639     747     748     145     146       1
     640     748     144       6     145       1
     641       5     154     749     106       1
     642     154     155     750     749       1
     643     155     156     751     750       1
     644     156     157     752     751       1
     645     157     158     753     752       1
     646     158       7     159     753       1
     647     106     749     754     107       1
     648     749     750     755     754       1
     649     750     751     756     755       1
     650     751     752     757     756       1
     651     752     753     758     757       1
     652     753     159     160     758       1
     653     107     754     759     108       1
     654     754     755     760     759       1
     655     755     756     761     760       1
     656     756     757     762     761       1
     657     757     758     763     762       1
     658     758     160     161     763       1
     659     108     759     764     109       1
     660     759     760     765     764       1
     661     760     761     766     765       1
     662     761     762     767     766       1
     663     762     763     768     767       1
     664     763     161     162     768       1
     665     109     764     769     110       1
     666     764     765     770     769       1
     667     765     766     771     770       1
     668     766     767     772     771       1
     669     767     768     773     772       1
     670     768     162     163     773       1
     671     110     769     774     111       1
     672     769     770     775     774       1
     673     770     771     776     775       1
     674     771     772     777     776       1
     675     772     773     778     777       1
     676     773     163     164     778       1
     677     111     774     779     112       1
     678     774     775     780     779       1
     679     775     776     781     780       1
     680     776     777     782     781       1
     681     777     778     783     782       1
     682     778     164     165     783       1
     683     112     779     784     113       1
     684     779     780     785     784       1
     685     780     781     786     785       1
     686     781     782     787     786       1
     687     782     783     788     787       1
     688     783     165     166     788       1
     689     113     784     789     114       1
     690     784     785     790     789       1
     691     785     786     791     790       1
     692     786     787     792     791       1
     693     787     788     793     792       1
     694     788     166     167     793       1
     695     114     789     794     115       1
     696     789     790     795     794       1
     697     790     791     796     795       1
     698     791     792     797     796       1
     699     792     793     798     797       1
     700     793     167     168     798       1
     701     115     794     799     116       1
     702     794     795     800     799       1
     703     795     796     801     800       1
     704     796     797     802     801       1
     705     797     798     803     802       1
     706     798     168     169     803       1
     707     116     799     804     117       1
     708     799     800     805     804       1
     709     800     801     806     805       1
     710     801     802     807     806       1
     711     802     803     808     807       1
     712     803     169     170     808       1
     713     117     804     809     118       1
     714     804     805     810     809       1
     715     805     806     811     810       1
     716     806     807     812     811       1
     717     807     808     813     812       1
     718     808     170     171     813       1
     719     118     809     814     119       1
     720     809     810     815     814       1
     721     810     811     816     815       1
     722     811     812     817     816       1
     723     812     813     818     817       1
     724     813     171     172     818       1
     725     119     814     819     120       1
     726     814     815     820     819       1
     727     815     816     821     820       1
     728     816     817     822     821       1
     729     817     818     823     822       1
     730     818     172     173     823       1
     731     120     819     824     121       1
     732     819     820     825     824       1
     733     820     821     826     825       1
     734     821     822     827     826       1
     735     822     823     828     827       1
     736     823     173     174     828       1
     737     121     824     829     122       1
     738     824     825     830     829       1
     739     825     826     831     830       1
     740     826     827     832     831       1
     741     827     828     833     832       1
     742     828     174     175     833       1
     743     122     829     834     123       1
     744     829     830     835     834       1
     745     830     831     836     835       1
     746     831     832     837     836       1
     747     832     833     838     837       1
     748     833     175     176     838       1
     749     123     834     839     124       1
     750     834     835     840     839       1
     751     835     836     841     840       1
     752     836     837     842     841       1
     753     837     838     843     842       1
     754     838     176     177     843       1
     755     124     839     844     125       1
     756     839     840     845     844       1
     757     840     841     846     845       1
     758     841     842     847     846       1
     759     842     843     848     847       1
     760     843     177     178     848       1
     761     125     844     849     126       1
     762     844     845     850     849       1
     763     845     846     851     850       1
     764     846     847     852     851       1
     765     847     848     853     852       1
     766     848     178     179     853       1
     767     126     849     854     127       1
     768     849     850     855     854       1
     769     850     851     856     855       1
     770     851     852     857     856       1
     771     852     853     858     857       1
     772     853     179     180     858       1
     773     127     854     859     128       1
     774     854     855     860     859       1
     775     855     856     861     860       1
     776     856     857     862     861       1
     777     857     858     863     862       1
     778     858     180     181     863       1
     779     128     859     864     129       1
     780     859     860     865     864       1
     781     860     861     866     865       1
     782     861     862     867     866       1
     783     862     863     868     867       1
     784     863     181     182     868       1
     785     129     864     869     130       1
     786     864     865     870     869       1
     787     865     866     871     870       1
     788     866     867     872     871       1
     789     867     868     873     872       1
     790     868     182     183     873       1
     791     130     869     874     131       1
     792     869     870     875     874       1
     793     870     871     876     875       1
     794     871     872     877     876       1
     795     872     873     878     877       1
     796     873     183     184     878       1
     797     131     874     879     132       1
     798     874     875     880     879       1
     799     875     876     881     880       1
     800     876     877     882     881       1
     801     877     878     883     882       1
     802     878     184     185     883       1
     803     132     879     884     133       1
     804     879     880     885     884       1
     805     880     881     886     885       1
     806     881     882     887     886       1
     807     882     883     888     887       1
     808     883     185     186     888       1
     809     133     884     889     134       1
     810     884     885     890     889       1
     811     885     886     891     890       1
     812     886     887     892     891       1
     813     887     888     893     892       1
     814     888     186     187     893       1
     815     134     889     894     135       1
     816     889     890     895     894       1
     817     890     891     896     895       1
     818     891     892     897     896       1
     819     892     893     898     897       1
     820     893     187     188     898       1
     821     135     894     899     136       1
     822     894     895     900     899       1
     823     895     896     901     900       1
     824     896     897     902     901       1
     825     897     898     903     902       1
     826     898     188     189     903       1
     827     136     899     904     137       1
     828     899     900     905     904       1
     829     900     901     906     905       1
     830     901     902     907     906       1
     831     902     903     908     907       1
     832     903     189     190     908       1
     833     137     904     909     138       1
     834     904     905     910     909       1
     835     905     906     911     910       1
     836     906     907     912     911       1
     837     907     908     913     912       1
     838     908     190     191     913       1
     839     138     909     914     139       1
     840     909     910     915     914       1
     841     910     911     916     915       1
     842     911     912     917     916       1
     843     912     913     918     917       1
     844     913     191     192     918       1
     845     139     914     919     140       1
     846     914     915     920     919       1
     847     915     916     921     920       1
     848     916     917     922     921       1
     849     917     918     923     922       1
     850     918     192     193     923       1
     851     140     919     924     141       1
     852     919     920     925     924       1
     853     920     921     926     925       1
     854     921     922     927     926       1
     855     922     923     928     927       1
     856     923     193     194     928       1
     857     141     924     929     142       1
     858     924     925     930     929       1
     859     925     926     931     930       1
     860     926     927     932     931       1
     861     927     928     933     932       1
     862     928     194     195     933       1
     863     142     929     934     143       1
     864     929     930     935     934       1
     865     930     931     936     935       1
     866     931     932     937     936       1
     867     932     933     938     937       1
     868     933     195     196     938       1
     869     143     934     939     144       1
     870     934     935     940     939       1
     871     935     936     941     940       1
     872     936     937     942     941       1
     873     937     938     943     942       1
     874     938     196     197     943       1
     875     144     939     202       6       1
     876     939     940     201     202       1
     877     940     941     200     201       1
     878     941     942     199     200       1
     879     942     943     198     199       1
     880     943     197       8     198       1
stop