a test to STAPMAT   
    6    1    1    3
    1    1    1    1       0.0       0.0       0.0    0
    2    0    0    1       0.0      10.0       0.0    0
    3    0    0    1      20.0       0.0       0.0    0
    4    0    0    1      20.0      10.0       0.0    0
    5    0    1    1      40.0       0.0       0.0    0
    6    0    0    1      40.0      10.0       0.0    0
    1    1
    4    2        -1.0
    1   11    1
    1   2.0E5    1.0 7800
    1    1    3    1    0
    2    3    5    1    0  
    3    5    6    1    0
    4    4    6    1    0
    5    2    4    1    0
    6    1    2    1    0
    7    1    4    1    0
    8    2    3    1    0
    9    3    6    1    0
   10    4    5    1    0
   11    3    4    1    0
stop
